0.742 0.371 0.000
0.745 0.378 0.005
0.748 0.384 0.011
0.750 0.390 0.016
0.753 0.397 0.021
0.756 0.403 0.026
0.759 0.410 0.032
0.761 0.416 0.037
0.764 0.423 0.042
0.767 0.429 0.048
0.770 0.435 0.053
0.773 0.442 0.058
0.775 0.448 0.063
0.778 0.455 0.069
0.781 0.461 0.074
0.784 0.468 0.079
0.786 0.474 0.085
0.789 0.480 0.090
0.792 0.487 0.095
0.795 0.493 0.100
0.797 0.500 0.106
0.800 0.506 0.111
0.803 0.513 0.116
0.806 0.519 0.122
0.808 0.526 0.127
0.811 0.532 0.132
0.814 0.538 0.137
0.817 0.545 0.143
0.819 0.551 0.148
0.822 0.558 0.153
0.825 0.564 0.159
0.828 0.571 0.164
0.830 0.577 0.169
0.833 0.583 0.174
0.836 0.590 0.180
0.839 0.596 0.185
0.841 0.603 0.190
0.844 0.609 0.196
0.847 0.616 0.201
0.850 0.622 0.206
0.852 0.628 0.211
0.855 0.635 0.217
0.858 0.641 0.222
0.861 0.648 0.227
0.864 0.654 0.233
0.866 0.661 0.238
0.869 0.667 0.243
0.872 0.673 0.248
0.875 0.680 0.254
0.877 0.686 0.259
0.880 0.693 0.264
0.883 0.699 0.270
0.886 0.706 0.275
0.888 0.712 0.280
0.891 0.719 0.285
0.894 0.725 0.291
0.897 0.731 0.296
0.899 0.738 0.301
0.902 0.744 0.307
0.905 0.751 0.312
0.908 0.757 0.317
0.910 0.764 0.322
0.913 0.770 0.328
0.916 0.776 0.333
0.919 0.783 0.338
0.921 0.789 0.344
0.924 0.796 0.349
0.927 0.802 0.354
0.930 0.809 0.359
0.932 0.815 0.365
0.935 0.821 0.370
0.938 0.828 0.375
0.941 0.834 0.381
0.943 0.841 0.386
0.946 0.847 0.391
0.949 0.854 0.396
0.952 0.860 0.402
0.955 0.866 0.407
0.957 0.873 0.412
0.960 0.879 0.418
0.963 0.886 0.423
0.966 0.892 0.428
0.968 0.899 0.433
0.971 0.905 0.439
0.974 0.912 0.444
0.977 0.918 0.449
0.976 0.919 0.449
0.975 0.919 0.450
0.974 0.920 0.450
0.974 0.921 0.450
0.973 0.921 0.450
0.972 0.922 0.451
0.972 0.923 0.451
0.971 0.923 0.451
0.970 0.924 0.451
0.970 0.925 0.452
0.969 0.926 0.452
0.968 0.926 0.452
0.968 0.927 0.452
0.967 0.928 0.452
0.966 0.928 0.453
0.966 0.929 0.453
0.965 0.930 0.453
0.964 0.930 0.453
0.963 0.931 0.454
0.963 0.932 0.454
0.962 0.932 0.454
0.961 0.933 0.454
0.961 0.934 0.455
0.960 0.935 0.455
0.959 0.935 0.455
0.959 0.936 0.455
0.958 0.937 0.455
0.957 0.937 0.456
0.957 0.938 0.456
0.956 0.939 0.456
0.955 0.939 0.456
0.955 0.940 0.457
0.954 0.941 0.457
0.953 0.941 0.457
0.952 0.942 0.457
0.952 0.943 0.457
0.951 0.943 0.458
0.950 0.944 0.458
0.950 0.945 0.458
0.949 0.946 0.458
0.948 0.946 0.459
0.948 0.947 0.459
0.947 0.948 0.459
0.946 0.948 0.459
0.946 0.949 0.460
0.945 0.950 0.460
0.944 0.950 0.460
0.943 0.951 0.460
0.943 0.952 0.460
0.942 0.952 0.461
0.941 0.953 0.461
0.941 0.954 0.461
0.940 0.955 0.461
0.939 0.955 0.462
0.939 0.956 0.462
0.938 0.957 0.462
0.937 0.957 0.462
0.937 0.958 0.463
0.936 0.959 0.463
0.935 0.959 0.463
0.935 0.960 0.463
0.934 0.961 0.463
0.933 0.961 0.464
0.932 0.962 0.464
0.932 0.963 0.464
0.931 0.963 0.464
0.930 0.964 0.465
0.930 0.965 0.465
0.929 0.966 0.465
0.928 0.966 0.465
0.928 0.967 0.466
0.927 0.968 0.466
0.926 0.968 0.466
0.926 0.969 0.466
0.925 0.970 0.466
0.924 0.970 0.467
0.923 0.971 0.467
0.923 0.972 0.467
0.922 0.972 0.467
0.921 0.973 0.468
0.921 0.974 0.468
0.920 0.974 0.468
0.919 0.975 0.468
0.919 0.976 0.469
0.918 0.977 0.469
0.911 0.975 0.466
0.903 0.974 0.464
0.896 0.973 0.461
0.889 0.972 0.459
0.881 0.971 0.456
0.874 0.970 0.454
0.866 0.969 0.451
0.859 0.967 0.449
0.852 0.966 0.446
0.844 0.965 0.443
0.837 0.964 0.441
0.830 0.963 0.438
0.822 0.962 0.436
0.815 0.960 0.433
0.808 0.959 0.431
0.800 0.958 0.428
0.793 0.957 0.426
0.786 0.956 0.423
0.778 0.955 0.421
0.771 0.954 0.418
0.764 0.952 0.416
0.756 0.951 0.413
0.749 0.950 0.411
0.741 0.949 0.408
0.734 0.948 0.406
0.727 0.947 0.403
0.719 0.946 0.401
0.712 0.944 0.398
0.705 0.943 0.395
0.697 0.942 0.393
0.690 0.941 0.390
0.683 0.940 0.388
0.675 0.939 0.385
0.668 0.938 0.383
0.661 0.936 0.380
0.653 0.935 0.378
0.646 0.934 0.375
0.639 0.933 0.373
0.631 0.932 0.370
0.624 0.931 0.368
0.616 0.929 0.365
0.609 0.928 0.363
0.602 0.927 0.360
0.594 0.926 0.358
0.587 0.925 0.355
0.580 0.924 0.352
0.572 0.923 0.350
0.565 0.921 0.347
0.558 0.920 0.345
0.550 0.919 0.342
0.543 0.918 0.340
0.536 0.917 0.337
0.528 0.916 0.335
0.521 0.915 0.332
0.514 0.913 0.330
0.506 0.912 0.327
0.499 0.911 0.325
0.491 0.910 0.322
0.484 0.909 0.320
0.477 0.908 0.317
0.469 0.906 0.315
0.462 0.905 0.312
0.455 0.904 0.310
0.447 0.903 0.307
0.440 0.902 0.304
0.433 0.901 0.302
0.425 0.900 0.299
0.418 0.898 0.297
0.411 0.897 0.294
0.403 0.896 0.292
0.396 0.895 0.289
0.389 0.894 0.287
0.381 0.893 0.284
0.374 0.892 0.282
0.366 0.890 0.279
0.359 0.889 0.277
0.352 0.888 0.274
0.344 0.887 0.272
0.337 0.886 0.269
0.330 0.885 0.267
0.322 0.884 0.264
0.315 0.882 0.261
0.308 0.881 0.259
0.300 0.880 0.256
0.293 0.879 0.254
