0.566 0.309 0.195
0.571 0.316 0.201
0.576 0.323 0.206
0.581 0.330 0.211
0.586 0.336 0.217
0.591 0.343 0.222
0.596 0.350 0.227
0.601 0.357 0.232
0.606 0.364 0.238
0.611 0.371 0.243
0.616 0.378 0.248
0.621 0.385 0.254
0.626 0.392 0.259
0.630 0.399 0.264
0.635 0.406 0.270
0.640 0.413 0.275
0.645 0.420 0.280
0.650 0.427 0.285
0.655 0.434 0.291
0.660 0.441 0.296
0.665 0.448 0.301
0.670 0.455 0.307
0.675 0.462 0.312
0.680 0.469 0.317
0.685 0.476 0.323
0.690 0.483 0.328
0.695 0.490 0.333
0.699 0.497 0.338
0.704 0.504 0.344
0.709 0.511 0.349
0.714 0.518 0.354
0.719 0.525 0.360
0.724 0.532 0.365
0.729 0.539 0.370
0.734 0.546 0.376
0.739 0.553 0.381
0.744 0.560 0.386
0.749 0.567 0.391
0.754 0.574 0.397
0.759 0.581 0.402
0.764 0.588 0.407
0.769 0.595 0.413
0.773 0.602 0.418
0.778 0.608 0.426
0.783 0.614 0.434
0.788 0.620 0.443
0.792 0.626 0.451
0.797 0.632 0.459
0.802 0.638 0.467
0.807 0.645 0.475
0.811 0.651 0.483
0.816 0.657 0.492
0.821 0.663 0.500
0.826 0.669 0.508
0.830 0.675 0.516
0.835 0.681 0.524
0.840 0.688 0.533
0.845 0.694 0.541
0.849 0.700 0.549
0.854 0.706 0.557
0.859 0.712 0.565
0.864 0.718 0.573
0.868 0.724 0.582
0.873 0.730 0.590
0.878 0.737 0.598
0.883 0.743 0.606
0.887 0.749 0.614
0.892 0.755 0.623
0.897 0.761 0.631
0.902 0.767 0.639
0.906 0.773 0.647
0.911 0.780 0.655
0.916 0.786 0.664
0.920 0.792 0.672
0.925 0.798 0.680
0.930 0.804 0.688
0.935 0.810 0.696
0.939 0.816 0.704
0.944 0.823 0.713
0.949 0.829 0.721
0.954 0.835 0.729
0.958 0.841 0.737
0.963 0.847 0.745
0.968 0.853 0.754
0.973 0.859 0.762
0.971 0.862 0.767
0.970 0.865 0.772
0.969 0.867 0.778
0.968 0.870 0.783
0.967 0.873 0.788
0.965 0.876 0.794
0.964 0.878 0.799
0.963 0.881 0.804
0.962 0.884 0.809
0.961 0.886 0.815
0.959 0.889 0.820
0.958 0.892 0.825
0.957 0.894 0.831
0.956 0.897 0.836
0.955 0.900 0.841
0.953 0.903 0.847
0.952 0.905 0.852
0.951 0.908 0.857
0.950 0.911 0.862
0.948 0.913 0.868
0.947 0.916 0.873
0.946 0.919 0.878
0.945 0.921 0.884
0.944 0.924 0.889
0.942 0.927 0.894
0.941 0.930 0.900
0.940 0.932 0.905
0.939 0.935 0.910
0.938 0.938 0.915
0.936 0.940 0.921
0.935 0.943 0.926
0.934 0.946 0.931
0.933 0.948 0.937
0.932 0.951 0.942
0.930 0.954 0.947
0.929 0.956 0.953
0.928 0.959 0.958
0.927 0.962 0.963
0.926 0.965 0.968
0.924 0.967 0.974
0.923 0.970 0.979
0.922 0.973 0.984
0.913 0.969 0.983
0.904 0.966 0.982
0.896 0.963 0.981
0.887 0.960 0.980
0.878 0.956 0.978
0.869 0.953 0.977
0.861 0.950 0.976
0.852 0.947 0.975
0.843 0.943 0.973
0.834 0.940 0.972
0.826 0.937 0.971
0.817 0.934 0.970
0.808 0.930 0.969
0.799 0.927 0.967
0.791 0.924 0.966
0.782 0.921 0.965
0.773 0.917 0.964
0.765 0.914 0.963
0.756 0.911 0.961
0.747 0.908 0.960
0.738 0.904 0.959
0.730 0.901 0.958
0.721 0.898 0.957
0.712 0.895 0.955
0.703 0.891 0.954
0.695 0.888 0.953
0.686 0.885 0.952
0.677 0.882 0.951
0.668 0.878 0.949
0.660 0.875 0.948
0.651 0.872 0.947
0.642 0.868 0.946
0.633 0.865 0.944
0.625 0.862 0.943
0.616 0.859 0.942
0.607 0.855 0.941
0.598 0.852 0.940
0.590 0.849 0.938
0.581 0.846 0.937
0.572 0.842 0.936
0.563 0.839 0.935
0.555 0.836 0.934
0.550 0.833 0.932
0.546 0.829 0.931
0.541 0.826 0.930
0.537 0.823 0.929
0.532 0.820 0.928
0.528 0.816 0.927
0.523 0.813 0.926
0.519 0.810 0.925
0.515 0.807 0.924
0.510 0.803 0.922
0.506 0.800 0.921
0.501 0.797 0.920
0.497 0.794 0.919
0.492 0.790 0.918
0.488 0.787 0.917
0.483 0.784 0.916
0.479 0.781 0.915
0.474 0.777 0.914
0.470 0.774 0.912
0.465 0.771 0.911
0.461 0.768 0.910
0.456 0.764 0.909
0.452 0.761 0.908
0.448 0.758 0.907
0.443 0.755 0.906
0.439 0.751 0.905
0.434 0.748 0.903
0.430 0.745 0.902
0.425 0.742 0.901
0.421 0.738 0.900
0.416 0.735 0.899
0.412 0.732 0.898
0.407 0.729 0.897
0.403 0.725 0.896
0.398 0.722 0.895
0.394 0.719 0.893
0.390 0.715 0.892
0.385 0.712 0.891
0.381 0.709 0.890
0.376 0.706 0.889
0.372 0.702 0.888
0.367 0.699 0.887
0.363 0.692 0.882
0.358 0.685 0.878
0.354 0.678 0.873
0.350 0.671 0.869
0.345 0.664 0.864
0.341 0.657 0.860
0.337 0.650 0.855
0.332 0.643 0.851
0.328 0.636 0.847
0.323 0.629 0.842
0.319 0.622 0.838
0.315 0.616 0.833
0.310 0.609 0.829
0.306 0.602 0.824
0.302 0.595 0.820
0.297 0.588 0.815
0.293 0.581 0.811
0.289 0.574 0.806
0.284 0.567 0.802
0.280 0.560 0.797
0.275 0.553 0.793
0.271 0.546 0.789
0.267 0.539 0.784
0.262 0.532 0.780
0.258 0.525 0.775
0.254 0.518 0.771
0.249 0.511 0.766
0.245 0.504 0.762
0.240 0.497 0.757
0.236 0.490 0.753
0.232 0.483 0.748
0.227 0.476 0.744
0.223 0.469 0.739
0.219 0.462 0.735
0.214 0.455 0.730
0.210 0.448 0.726
0.205 0.441 0.722
0.201 0.434 0.717
0.197 0.427 0.713
0.192 0.420 0.708
0.188 0.413 0.704
0.184 0.406 0.699
